QR模型：
QRA模型：每小时的覆盖率 [0.8993536950123776, 0.7994652586718455, 0.6993295690900481, 0.600070879262496, 0.5006784479089869, 0.40130549711388036, 0.30143466820113524, 0.2015799482116847, 0.10034360708013401]
每小时的MAD [0.39935369501237766, 0.2994652586718455, 0.19932956909004815, 0.10094675513837191, 0.05147924870978763, 0.10069051087015159, 0.19856533179886474, 0.29842005178831527, 0.39965639291986604]
统计量 [2.7828389402955658, 3.0228925188804943, 3.2786247805171045, 3.3506363430597865, 0.9455806931987729, 3.3155441984935927, 4.010693926068928, 3.372157910059392, 3.443054518922709]
p值 [0.0105786090021609, 0.006055597387057077, 0.0032953674752771445, 0.002770405133698972, 0.35419128659163257, 0.003015186952254112, 0.0005477980130854654, 0.002629963082348752, 0.002214645688888295]
338
102.33262130447416
[-392.7348337430118, -220.65632500607848, -137.29990746521136, -64.87348771253883, -5.359366169043492, 40.69098210918745, 78.45784256434509, 91.03063269995287, 102.33262130447416]
119.73967479607853





FQRA模型：样本中多少被覆盖 [7175.0, 6377.0, 5586.0, 4795.0, 3999.0, 3205.0, 2419.0, 1616.0, 813.0]
每小时的覆盖率 [0.8968590596584609, 0.7970867574160988, 0.6981952011892133, 0.5993036449623276, 0.4997980765196334, 0.40055062547577513, 0.3023097948247649, 0.20195419970869075, 0.10160422398446352]
每小时的MAD [0.3968590596584609, 0.29708675741609875, 0.1981952011892132, 0.10017952083820347, 0.05748075920231608, 0.10518789747831665, 0.19769020517523508, 0.2980458002913093, 0.3983957760155365]
统计量 [2.306203499134864, 3.050475679482672, 3.7969885709971787, 3.5805188912696093, 1.8577048575527941, 3.865807574188007, 3.951363858864007, 3.662006102767124, 2.9478702597372846]
p值 [0.030453853533995323, 0.0056745982022214925, 0.0009300957283728817, 0.0015838268640777642, 0.07606013475319773, 0.0007845884828545646, 0.0006347149717833567, 0.0012969621172997936, 0.0072199761390001616]
378
93.47441653737965
[-384.4196586136968, -222.86271667762537, -140.13857013273577, -66.19547221215495, -15.690119136235532, 28.40159476048391, 63.41602680084078, 79.26883419485368, 93.47441653737965]
195.1485081716976